\Gamma ->  H ->  N ->  \Gamma ->  P ->  H ->  P ->  N
421
Reciprocal
0.0 0.0 0.0 1 \Gamma
0.013157894736842105 0.0 0.0 1 
0.02631578947368421 0.0 0.0 1 
0.039473684210526314 0.0 0.0 1 
0.05263157894736842 0.0 0.0 1 
0.06578947368421052 0.0 0.0 1 
0.07894736842105263 0.0 0.0 1 
0.09210526315789473 0.0 0.0 1 
0.10526315789473684 0.0 0.0 1 
0.11842105263157895 0.0 0.0 1 
0.13157894736842105 0.0 0.0 1 
0.14473684210526316 0.0 0.0 1 
0.15789473684210525 0.0 0.0 1 
0.17105263157894737 0.0 0.0 1 
0.18421052631578946 0.0 0.0 1 
0.19736842105263158 0.0 0.0 1 
0.21052631578947367 0.0 0.0 1 
0.2236842105263158 0.0 0.0 1 
0.2368421052631579 0.0 0.0 1 
0.25 0.0 0.0 1 
0.2631578947368421 0.0 0.0 1 
0.27631578947368424 0.0 0.0 1 
0.2894736842105263 0.0 0.0 1 
0.3026315789473684 0.0 0.0 1 
0.3157894736842105 0.0 0.0 1 
0.32894736842105265 0.0 0.0 1 
0.34210526315789475 0.0 0.0 1 
0.3552631578947369 0.0 0.0 1 
0.3684210526315789 0.0 0.0 1 
0.3815789473684211 0.0 0.0 1 
0.39473684210526316 0.0 0.0 1 
0.4078947368421053 0.0 0.0 1 
0.42105263157894735 0.0 0.0 1 
0.4342105263157895 0.0 0.0 1 
0.4473684210526316 0.0 0.0 1 
0.4605263157894737 0.0 0.0 1 
0.4736842105263158 0.0 0.0 1 
0.48684210526315796 0.0 0.0 1 
0.5 0.0 0.0 1 
0.5131578947368421 0.0 0.0 1 
0.5263157894736842 0.0 0.0 1 
0.5394736842105263 0.0 0.0 1 
0.5526315789473685 0.0 0.0 1 
0.5657894736842105 0.0 0.0 1 
0.5789473684210527 0.0 0.0 1 
0.5921052631578947 0.0 0.0 1 
0.6052631578947368 0.0 0.0 1 
0.618421052631579 0.0 0.0 1 
0.631578947368421 0.0 0.0 1 
0.6447368421052632 0.0 0.0 1 
0.6578947368421053 0.0 0.0 1 
0.6710526315789473 0.0 0.0 1 
0.6842105263157895 0.0 0.0 1 
0.6973684210526316 0.0 0.0 1 
0.7105263157894738 0.0 0.0 1 
0.7236842105263158 0.0 0.0 1 
0.7368421052631579 0.0 0.0 1 
0.75 0.0 0.0 1 
0.7631578947368421 0.0 0.0 1 
0.7763157894736842 0.0 0.0 1 
0.7894736842105263 0.0 0.0 1 
0.8026315789473685 0.0 0.0 1 
0.8157894736842106 0.0 0.0 1 
0.8289473684210528 0.0 0.0 1 
0.8421052631578947 0.0 0.0 1 
0.8552631578947368 0.0 0.0 1 
0.868421052631579 0.0 0.0 1 
0.881578947368421 0.0 0.0 1 
0.8947368421052632 0.0 0.0 1 
0.9078947368421053 0.0 0.0 1 
0.9210526315789473 0.0 0.0 1 
0.9342105263157895 0.0 0.0 1 
0.9473684210526316 0.0 0.0 1 
0.9605263157894738 0.0 0.0 1 
0.9736842105263159 0.0 0.0 1 
0.9868421052631579 0.0 0.0 1 
1.0 0.0 0.0 1  H
0.9907407407407407 0.0 0.009259259259259259 1 
0.9814814814814816 0.0 0.018518518518518517 1 
0.9722222222222223 0.0 0.027777777777777776 1 
0.962962962962963 0.0 0.037037037037037035 1 
0.9537037037037037 0.0 0.046296296296296294 1 
0.9444444444444445 0.0 0.05555555555555555 1 
0.9351851851851852 0.0 0.06481481481481481 1 
0.9259259259259259 0.0 0.07407407407407407 1 
0.9166666666666666 0.0 0.08333333333333333 1 
0.9074074074074074 0.0 0.09259259259259259 1 
0.8981481481481481 0.0 0.10185185185185185 1 
0.8888888888888888 0.0 0.1111111111111111 1 
0.8796296296296297 0.0 0.12037037037037038 1 
0.8703703703703705 0.0 0.12962962962962962 1 
0.8611111111111112 0.0 0.1388888888888889 1 
0.8518518518518519 0.0 0.14814814814814814 1 
0.8425925925925926 0.0 0.1574074074074074 1 
0.8333333333333334 0.0 0.16666666666666666 1 
0.8240740740740741 0.0 0.17592592592592593 1 
0.8148148148148148 0.0 0.18518518518518517 1 
0.8055555555555555 0.0 0.19444444444444445 1 
0.7962962962962964 0.0 0.2037037037037037 1 
0.7870370370370371 0.0 0.21296296296296297 1 
0.7777777777777778 0.0 0.2222222222222222 1 
0.7685185185185186 0.0 0.23148148148148148 1 
0.7592592592592593 0.0 0.24074074074074076 1 
0.75 0.0 0.25 1 
0.7407407407407407 0.0 0.25925925925925924 1 
0.7314814814814814 0.0 0.26851851851851855 1 
0.7222222222222223 0.0 0.2777777777777778 1 
0.712962962962963 0.0 0.28703703703703703 1 
0.7037037037037037 0.0 0.2962962962962963 1 
0.6944444444444445 0.0 0.3055555555555556 1 
0.6851851851851852 0.0 0.3148148148148148 1 
0.6759259259259259 0.0 0.32407407407407407 1 
0.6666666666666667 0.0 0.3333333333333333 1 
0.6574074074074073 0.0 0.3425925925925926 1 
0.6481481481481481 0.0 0.35185185185185186 1 
0.6388888888888888 0.0 0.36111111111111116 1 
0.6296296296296297 0.0 0.37037037037037035 1 
0.6203703703703703 0.0 0.37962962962962965 1 
0.6111111111111112 0.0 0.3888888888888889 1 
0.6018518518518519 0.0 0.3981481481481482 1 
0.5925925925925927 0.0 0.4074074074074074 1 
0.5833333333333334 0.0 0.4166666666666667 1 
0.5740740740740741 0.0 0.42592592592592593 1 
0.5648148148148149 0.0 0.4351851851851852 1 
0.5555555555555556 0.0 0.4444444444444444 1 
0.5462962962962963 0.0 0.4537037037037037 1 
0.5370370370370371 0.0 0.46296296296296297 1 
0.5277777777777778 0.0 0.4722222222222222 1 
0.5185185185185185 0.0 0.4814814814814815 1 
0.5092592592592592 0.0 0.4907407407407408 1 
0.5 0.0 0.5 1  N
0.4907407407407408 0.0 0.4907407407407408 1 
0.4814814814814815 0.0 0.4814814814814815 1 
0.47222222222222227 0.0 0.47222222222222227 1 
0.46296296296296297 0.0 0.46296296296296297 1 
0.4537037037037037 0.0 0.4537037037037037 1 
0.4444444444444444 0.0 0.4444444444444444 1 
0.43518518518518523 0.0 0.43518518518518523 1 
0.42592592592592593 0.0 0.42592592592592593 1 
0.4166666666666667 0.0 0.4166666666666667 1 
0.4074074074074074 0.0 0.4074074074074074 1 
0.3981481481481482 0.0 0.3981481481481482 1 
0.3888888888888889 0.0 0.3888888888888889 1 
0.37962962962962965 0.0 0.37962962962962965 1 
0.37037037037037035 0.0 0.37037037037037035 1 
0.36111111111111116 0.0 0.36111111111111116 1 
0.35185185185185186 0.0 0.35185185185185186 1 
0.3425925925925926 0.0 0.3425925925925926 1 
0.33333333333333337 0.0 0.33333333333333337 1 
0.32407407407407407 0.0 0.32407407407407407 1 
0.3148148148148148 0.0 0.3148148148148148 1 
0.3055555555555556 0.0 0.3055555555555556 1 
0.29629629629629634 0.0 0.29629629629629634 1 
0.28703703703703703 0.0 0.28703703703703703 1 
0.2777777777777778 0.0 0.2777777777777778 1 
0.26851851851851855 0.0 0.26851851851851855 1 
0.25925925925925924 0.0 0.25925925925925924 1 
0.25 0.0 0.25 1 
0.24074074074074076 0.0 0.24074074074074076 1 
0.23148148148148145 0.0 0.23148148148148145 1 
0.2222222222222222 0.0 0.2222222222222222 1 
0.21296296296296297 0.0 0.21296296296296297 1 
0.20370370370370375 0.0 0.20370370370370375 1 
0.19444444444444445 0.0 0.19444444444444445 1 
0.18518518518518517 0.0 0.18518518518518517 1 
0.17592592592592593 0.0 0.17592592592592593 1 
0.16666666666666669 0.0 0.16666666666666669 1 
0.15740740740740738 0.0 0.15740740740740738 1 
0.14814814814814817 0.0 0.14814814814814817 1 
0.13888888888888887 0.0 0.13888888888888887 1 
0.12962962962962965 0.0 0.12962962962962965 1 
0.12037037037037035 0.0 0.12037037037037035 1 
0.11111111111111113 0.0 0.11111111111111113 1 
0.10185185185185183 0.0 0.10185185185185183 1 
0.0925925925925926 0.0 0.0925925925925926 1 
0.08333333333333331 0.0 0.08333333333333331 1 
0.07407407407407408 0.0 0.07407407407407408 1 
0.06481481481481487 0.0 0.06481481481481487 1 
0.055555555555555566 0.0 0.055555555555555566 1 
0.046296296296296266 0.0 0.046296296296296266 1 
0.03703703703703704 0.0 0.03703703703703704 1 
0.027777777777777818 0.0 0.027777777777777818 1 
0.01851851851851852 0.0 0.01851851851851852 1 
0.009259259259259226 0.0 0.009259259259259226 1 
0.0 0.0 0.0 1  \Gamma
0.007575757575757576 0.007575757575757576 0.007575757575757576 1 
0.015151515151515152 0.015151515151515152 0.015151515151515152 1 
0.022727272727272728 0.022727272727272728 0.022727272727272728 1 
0.030303030303030304 0.030303030303030304 0.030303030303030304 1 
0.03787878787878788 0.03787878787878788 0.03787878787878788 1 
0.045454545454545456 0.045454545454545456 0.045454545454545456 1 
0.05303030303030303 0.05303030303030303 0.05303030303030303 1 
0.06060606060606061 0.06060606060606061 0.06060606060606061 1 
0.06818181818181818 0.06818181818181818 0.06818181818181818 1 
0.07575757575757576 0.07575757575757576 0.07575757575757576 1 
0.08333333333333333 0.08333333333333333 0.08333333333333333 1 
0.09090909090909091 0.09090909090909091 0.09090909090909091 1 
0.09848484848484848 0.09848484848484848 0.09848484848484848 1 
0.10606060606060606 0.10606060606060606 0.10606060606060606 1 
0.11363636363636363 0.11363636363636363 0.11363636363636363 1 
0.12121212121212122 0.12121212121212122 0.12121212121212122 1 
0.12878787878787878 0.12878787878787878 0.12878787878787878 1 
0.13636363636363635 0.13636363636363635 0.13636363636363635 1 
0.14393939393939395 0.14393939393939395 0.14393939393939395 1 
0.15151515151515152 0.15151515151515152 0.15151515151515152 1 
0.1590909090909091 0.1590909090909091 0.1590909090909091 1 
0.16666666666666666 0.16666666666666666 0.16666666666666666 1 
0.17424242424242425 0.17424242424242425 0.17424242424242425 1 
0.18181818181818182 0.18181818181818182 0.18181818181818182 1 
0.18939393939393942 0.18939393939393942 0.18939393939393942 1 
0.19696969696969696 0.19696969696969696 0.19696969696969696 1 
0.20454545454545459 0.20454545454545459 0.20454545454545459 1 
0.21212121212121213 0.21212121212121213 0.21212121212121213 1 
0.2196969696969697 0.2196969696969697 0.2196969696969697 1 
0.22727272727272727 0.22727272727272727 0.22727272727272727 1 
0.23484848484848486 0.23484848484848486 0.23484848484848486 1 
0.24242424242424243 0.24242424242424243 0.24242424242424243 1 
0.25 0.25 0.25 1 
0.25757575757575757 0.25757575757575757 0.25757575757575757 1 
0.26515151515151514 0.26515151515151514 0.26515151515151514 1 
0.2727272727272727 0.2727272727272727 0.2727272727272727 1 
0.2803030303030303 0.2803030303030303 0.2803030303030303 1 
0.2878787878787879 0.2878787878787879 0.2878787878787879 1 
0.29545454545454547 0.29545454545454547 0.29545454545454547 1 
0.30303030303030304 0.30303030303030304 0.30303030303030304 1 
0.3106060606060606 0.3106060606060606 0.3106060606060606 1 
0.3181818181818182 0.3181818181818182 0.3181818181818182 1 
0.32575757575757575 0.32575757575757575 0.32575757575757575 1 
0.3333333333333333 0.3333333333333333 0.3333333333333333 1 
0.3409090909090909 0.3409090909090909 0.3409090909090909 1 
0.3484848484848485 0.3484848484848485 0.3484848484848485 1 
0.3560606060606061 0.3560606060606061 0.3560606060606061 1 
0.36363636363636365 0.36363636363636365 0.36363636363636365 1 
0.3712121212121212 0.3712121212121212 0.3712121212121212 1 
0.37878787878787884 0.37878787878787884 0.37878787878787884 1 
0.38636363636363635 0.38636363636363635 0.38636363636363635 1 
0.3939393939393939 0.3939393939393939 0.3939393939393939 1 
0.40151515151515155 0.40151515151515155 0.40151515151515155 1 
0.40909090909090917 0.40909090909090917 0.40909090909090917 1 
0.4166666666666667 0.4166666666666667 0.4166666666666667 1 
0.42424242424242425 0.42424242424242425 0.42424242424242425 1 
0.4318181818181819 0.4318181818181819 0.4318181818181819 1 
0.4393939393939394 0.4393939393939394 0.4393939393939394 1 
0.44696969696969696 0.44696969696969696 0.44696969696969696 1 
0.45454545454545453 0.45454545454545453 0.45454545454545453 1 
0.46212121212121215 0.46212121212121215 0.46212121212121215 1 
0.4696969696969697 0.4696969696969697 0.4696969696969697 1 
0.4772727272727273 0.4772727272727273 0.4772727272727273 1 
0.48484848484848486 0.48484848484848486 0.48484848484848486 1 
0.4924242424242425 0.4924242424242425 0.4924242424242425 1 
0.5 0.5 0.5 1  P
0.5075757575757576 0.4924242424242425 0.4924242424242425 1 
0.5151515151515151 0.48484848484848486 0.48484848484848486 1 
0.5227272727272727 0.4772727272727273 0.4772727272727273 1 
0.5303030303030304 0.46969696969696967 0.46969696969696967 1 
0.5378787878787878 0.46212121212121215 0.46212121212121215 1 
0.5454545454545454 0.4545454545454546 0.4545454545454546 1 
0.5530303030303031 0.44696969696969696 0.44696969696969696 1 
0.5606060606060607 0.4393939393939394 0.4393939393939394 1 
0.5681818181818181 0.4318181818181819 0.4318181818181819 1 
0.5757575757575758 0.42424242424242425 0.42424242424242425 1 
0.5833333333333334 0.4166666666666667 0.4166666666666667 1 
0.5909090909090909 0.40909090909090906 0.40909090909090906 1 
0.5984848484848485 0.40151515151515155 0.40151515151515155 1 
0.6060606060606061 0.3939393939393939 0.3939393939393939 1 
0.6136363636363636 0.38636363636363635 0.38636363636363635 1 
0.6212121212121212 0.37878787878787884 0.37878787878787884 1 
0.6287878787878788 0.3712121212121212 0.3712121212121212 1 
0.6363636363636364 0.36363636363636365 0.36363636363636365 1 
0.6439393939393939 0.356060606060606 0.356060606060606 1 
0.6515151515151515 0.3484848484848485 0.3484848484848485 1 
0.6590909090909092 0.34090909090909094 0.34090909090909094 1 
0.6666666666666666 0.33333333333333337 0.33333333333333337 1 
0.6742424242424242 0.32575757575757575 0.32575757575757575 1 
0.6818181818181819 0.3181818181818182 0.3181818181818182 1 
0.6893939393939393 0.3106060606060606 0.3106060606060606 1 
0.696969696969697 0.30303030303030304 0.30303030303030304 1 
0.7045454545454546 0.2954545454545454 0.2954545454545454 1 
0.7121212121212122 0.2878787878787879 0.2878787878787879 1 
0.7196969696969697 0.28030303030303033 0.28030303030303033 1 
0.7272727272727273 0.27272727272727276 0.27272727272727276 1 
0.734848484848485 0.26515151515151514 0.26515151515151514 1 
0.7424242424242424 0.25757575757575757 0.25757575757575757 1 
0.75 0.25 0.25 1 
0.7575757575757577 0.24242424242424243 0.24242424242424243 1 
0.7651515151515151 0.23484848484848486 0.23484848484848486 1 
0.7727272727272727 0.2272727272727273 0.2272727272727273 1 
0.7803030303030302 0.21969696969696975 0.21969696969696975 1 
0.787878787878788 0.2121212121212121 0.2121212121212121 1 
0.7954545454545454 0.20454545454545453 0.20454545454545453 1 
0.8030303030303031 0.19696969696969696 0.19696969696969696 1 
0.8106060606060607 0.18939393939393942 0.18939393939393942 1 
0.8181818181818181 0.18181818181818182 0.18181818181818182 1 
0.8257575757575758 0.17424242424242425 0.17424242424242425 1 
0.8333333333333333 0.16666666666666669 0.16666666666666669 1 
0.8409090909090908 0.15909090909090914 0.15909090909090914 1 
0.8484848484848485 0.15151515151515152 0.15151515151515152 1 
0.8560606060606061 0.1439393939393939 0.1439393939393939 1 
0.8636363636363638 0.13636363636363635 0.13636363636363635 1 
0.8712121212121212 0.1287878787878788 0.1287878787878788 1 
0.8787878787878788 0.12121212121212119 0.12121212121212119 1 
0.8863636363636364 0.11363636363636365 0.11363636363636365 1 
0.8939393939393939 0.10606060606060609 0.10606060606060609 1 
0.9015151515151515 0.09848484848484848 0.09848484848484848 1 
0.9090909090909092 0.09090909090909086 0.09090909090909086 1 
0.9166666666666667 0.08333333333333331 0.08333333333333331 1 
0.9242424242424243 0.07575757575757576 0.07575757575757576 1 
0.9318181818181819 0.06818181818181815 0.06818181818181815 1 
0.9393939393939393 0.060606060606060594 0.060606060606060594 1 
0.946969696969697 0.053030303030303046 0.053030303030303046 1 
0.9545454545454546 0.0454545454545455 0.0454545454545455 1 
0.9621212121212123 0.03787878787878788 0.03787878787878788 1 
0.9696969696969698 0.030303030303030262 0.030303030303030262 1 
0.9772727272727273 0.022727272727272714 0.022727272727272714 1 
0.9848484848484848 0.015151515151515168 0.015151515151515168 1 
0.9924242424242424 0.007575757575757548 0.007575757575757548 1 
1.0 0.0 0.0 1  H
0.9924242424242424 0.007575757575757576 0.007575757575757576 1 
0.984848484848485 0.015151515151515152 0.015151515151515152 1 
0.9772727272727273 0.022727272727272728 0.022727272727272728 1 
0.9696969696969697 0.030303030303030304 0.030303030303030304 1 
0.9621212121212123 0.03787878787878788 0.03787878787878788 1 
0.9545454545454546 0.045454545454545456 0.045454545454545456 1 
0.946969696969697 0.05303030303030303 0.05303030303030303 1 
0.9393939393939393 0.06060606060606061 0.06060606060606061 1 
0.9318181818181819 0.06818181818181818 0.06818181818181818 1 
0.9242424242424243 0.07575757575757576 0.07575757575757576 1 
0.9166666666666666 0.08333333333333333 0.08333333333333333 1 
0.9090909090909092 0.09090909090909091 0.09090909090909091 1 
0.9015151515151515 0.09848484848484848 0.09848484848484848 1 
0.8939393939393939 0.10606060606060606 0.10606060606060606 1 
0.8863636363636365 0.11363636363636363 0.11363636363636363 1 
0.8787878787878788 0.12121212121212122 0.12121212121212122 1 
0.8712121212121212 0.12878787878787878 0.12878787878787878 1 
0.8636363636363638 0.13636363636363635 0.13636363636363635 1 
0.8560606060606061 0.14393939393939395 0.14393939393939395 1 
0.8484848484848485 0.15151515151515152 0.15151515151515152 1 
0.8409090909090908 0.1590909090909091 0.1590909090909091 1 
0.8333333333333334 0.16666666666666666 0.16666666666666666 1 
0.8257575757575758 0.17424242424242425 0.17424242424242425 1 
0.8181818181818181 0.18181818181818182 0.18181818181818182 1 
0.8106060606060607 0.18939393939393942 0.18939393939393942 1 
0.8030303030303031 0.19696969696969696 0.19696969696969696 1 
0.7954545454545454 0.20454545454545459 0.20454545454545459 1 
0.7878787878787878 0.21212121212121213 0.21212121212121213 1 
0.7803030303030304 0.2196969696969697 0.2196969696969697 1 
0.7727272727272727 0.22727272727272727 0.22727272727272727 1 
0.7651515151515151 0.23484848484848486 0.23484848484848486 1 
0.7575757575757577 0.24242424242424243 0.24242424242424243 1 
0.75 0.25 0.25 1 
0.7424242424242424 0.25757575757575757 0.25757575757575757 1 
0.734848484848485 0.26515151515151514 0.26515151515151514 1 
0.7272727272727273 0.2727272727272727 0.2727272727272727 1 
0.7196969696969698 0.2803030303030303 0.2803030303030303 1 
0.712121212121212 0.2878787878787879 0.2878787878787879 1 
0.7045454545454546 0.29545454545454547 0.29545454545454547 1 
0.696969696969697 0.30303030303030304 0.30303030303030304 1 
0.6893939393939393 0.3106060606060606 0.3106060606060606 1 
0.6818181818181819 0.3181818181818182 0.3181818181818182 1 
0.6742424242424242 0.32575757575757575 0.32575757575757575 1 
0.6666666666666667 0.3333333333333333 0.3333333333333333 1 
0.6590909090909092 0.3409090909090909 0.3409090909090909 1 
0.6515151515151515 0.3484848484848485 0.3484848484848485 1 
0.6439393939393939 0.3560606060606061 0.3560606060606061 1 
0.6363636363636364 0.36363636363636365 0.36363636363636365 1 
0.6287878787878788 0.3712121212121212 0.3712121212121212 1 
0.6212121212121212 0.37878787878787884 0.37878787878787884 1 
0.6136363636363636 0.38636363636363635 0.38636363636363635 1 
0.6060606060606061 0.3939393939393939 0.3939393939393939 1 
0.5984848484848485 0.40151515151515155 0.40151515151515155 1 
0.5909090909090908 0.40909090909090917 0.40909090909090917 1 
0.5833333333333334 0.4166666666666667 0.4166666666666667 1 
0.5757575757575758 0.42424242424242425 0.42424242424242425 1 
0.5681818181818181 0.4318181818181819 0.4318181818181819 1 
0.5606060606060607 0.4393939393939394 0.4393939393939394 1 
0.5530303030303031 0.44696969696969696 0.44696969696969696 1 
0.5454545454545455 0.45454545454545453 0.45454545454545453 1 
0.5378787878787878 0.46212121212121215 0.46212121212121215 1 
0.5303030303030303 0.4696969696969697 0.4696969696969697 1 
0.5227272727272727 0.4772727272727273 0.4772727272727273 1 
0.5151515151515151 0.48484848484848486 0.48484848484848486 1 
0.5075757575757576 0.4924242424242425 0.4924242424242425 1 
0.5 0.5 0.5 1  P
0.5 0.48684210526315796 0.5 1 
0.5 0.4736842105263158 0.5 1 
0.5 0.46052631578947373 0.5 1 
0.5 0.4473684210526316 0.5 1 
0.5 0.4342105263157895 0.5 1 
0.5 0.42105263157894735 0.5 1 
0.5 0.4078947368421053 0.5 1 
0.5 0.39473684210526316 0.5 1 
0.5 0.3815789473684211 0.5 1 
0.5 0.3684210526315789 0.5 1 
0.5 0.3552631578947369 0.5 1 
0.5 0.34210526315789475 0.5 1 
0.5 0.32894736842105265 0.5 1 
0.5 0.31578947368421056 0.5 1 
0.5 0.3026315789473684 0.5 1 
0.5 0.2894736842105263 0.5 1 
0.5 0.27631578947368424 0.5 1 
0.5 0.2631578947368421 0.5 1 
0.5 0.25 0.5 1 
0.5 0.2368421052631579 0.5 1 
0.5 0.22368421052631576 0.5 1 
0.5 0.21052631578947367 0.5 1 
0.5 0.19736842105263158 0.5 1 
0.5 0.1842105263157895 0.5 1 
0.5 0.17105263157894737 0.5 1 
0.5 0.15789473684210528 0.5 1 
0.5 0.14473684210526314 0.5 1 
0.5 0.13157894736842107 0.5 1 
0.5 0.11842105263157893 0.5 1 
0.5 0.10526315789473686 0.5 1 
0.5 0.09210526315789472 0.5 1 
0.5 0.07894736842105264 0.5 1 
0.5 0.0657894736842105 0.5 1 
0.5 0.05263157894736843 0.5 1 
0.5 0.039473684210526355 0.5 1 
0.5 0.026315789473684216 0.5 1 
0.5 0.013157894736842072 0.5 1 
0.5 0.0 0.5 1  N
